16 14
00 00 00 00 00 00 00 00 00 00 00 00 00 00 
00 00 00 00 10 00 00 00 00 00 00 00 00 00 
00 00 20 00 00 10 00 00 00 00 00 00 00 00 
00 30 00 00 10 00 00 00 00 10 00 00 00 00 
00 00 00 00 10 10 10 10 10 10 00 00 00 00 
00 00 11 00 00 00 10 00 20 20 10 00 00 00 
10 10 00 00 10 00 10 20 20 00 00 00 00 00 
00 00 00 21 00 10 00 10 00 00 00 00 00 00 
10 00 00 00 00 00 10 00 00 00 10 03 00 00 
00 10 10 00 00 02 00 00 10 00 00 03 00 02 
00 00 00 02 00 00 00 00 00 00 00 00 00 00 
00 00 00 00 00 00 10 10 10 00 10 00 03 00 
00 00 10 00 00 00 10 00 00 00 00 30 00 00 
00 00 20 00 00 00 00 00 30 00 20 00 21 00 
00 00 10 10 00 00 10 10 00 20 00 20 00 00 
00 00 00 00 00 10 00 10 10 00 00 00 00 00 
OlaJanekUla 1 55
Mosad 2 60
zajawkowicze 3 64
