20 19
00 00 00 00 00 00 10 21 00 00 00 00 00 00 00 00 00 00 00 
00 00 00 00 00 10 00 00 20 00 10 00 00 00 00 00 00 00 00 
00 00 00 00 30 00 00 20 00 10 00 10 10 00 00 00 00 00 00 
00 00 10 11 00 00 20 00 20 10 10 00 20 00 00 00 00 00 00 
00 10 00 10 00 10 10 00 20 00 10 00 10 10 00 00 00 00 00 
00 00 10 00 10 00 20 20 10 00 20 10 03 00 10 00 00 00 00 
00 10 00 00 00 20 00 00 20 20 00 20 00 10 20 03 10 00 00 
10 10 10 10 10 00 10 10 10 00 02 00 00 00 00 02 20 00 00 
00 20 10 00 00 10 00 00 00 00 00 00 00 10 00 00 00 00 00 
20 00 00 20 00 10 10 11 20 00 00 00 10 00 00 00 10 10 00 
20 20 00 20 00 00 20 20 00 00 00 10 00 10 00 10 10 00 00 
20 10 30 10 03 00 00 00 00 00 00 00 10 00 10 00 20 10 00 
20 30 00 00 10 00 10 00 00 00 10 00 00 10 10 10 10 00 00 
10 20 20 00 10 10 00 00 30 00 00 00 00 00 10 00 00 00 00 
20 00 10 10 10 20 20 20 10 20 10 00 00 10 00 00 00 00 00 
00 10 00 00 10 10 00 20 00 10 10 00 00 20 00 00 00 00 00 
00 00 10 20 10 20 10 20 20 10 20 20 00 00 00 00 00 00 00 
00 00 00 00 10 10 20 20 20 20 00 00 00 20 00 00 00 00 00 
00 00 00 20 00 00 10 20 10 20 20 20 10 00 00 00 00 00 00 
00 00 00 00 02 20 00 00 10 00 00 10 00 00 00 00 00 00 00 
OlaJanekUla 1 73
Mosad 2 85
zajawkowicze 3 76
