19 18
00 00 00 00 00 02 10 00 00 00 00 00 00 00 00 00 00 00
00 00 00 00 00 20 10 00 00 10 10 00 00 00 00 00 00 00
00 00 00 00 00 00 00 00 10 00 00 00 00 00 00 00 00 00
00 00 00 00 00 10 00 00 00 10 10 00 00 10 00 00 00 00
00 00 00 00 00 10 20 10 00 10 00 00 11 10 20 00 20 00
00 00 00 21 00 00 00 00 00 10 00 00 00 00 00 30 30 10
00 00 00 00 00 00 00 00 00 00 00 00 10 00 00 00 20 20
00 00 00 00 00 00 00 00 00 00 00 00 10 00 10 00 10 10
00 00 00 00 00 00 00 00 00 00 00 00 00 00 10 20 00 00
00 00 00 00 00 00 00 00 00 00 00 00 00 00 10 20 00 00
00 00 20 10 10 00 00 00 00 00 00 00 00 00 00 00 10 30
00 00 00 00 20 00 00 00 00 21 00 00 00 02 00 10 30 00
00 00 00 10 10 00 00 10 00 00 00 00 00 20 00 00 00 10
00 00 00 00 00 00 30 00 00 10 10 00 00 10 00 00 00 00
00 00 10 00 10 10 10 30 10 10 10 00 00 00 10 00 00 00
00 00 00 10 10 30 10 00 00 00 00 00 00 10 00 20 00 00
00 00 00 10 10 00 10 00 00 00 02 00 00 00 20 00 00 00
00 00 00 00 00 00 00 00 00 10 20 00 00 20 30 00 00 00
00 00 00 00 00 00 00 00 00 20 00 00 00 00 00 00 00 00
GodGamer 1 141
DreamTeam 2 133