19 18
00 00 00 00 00 00 02 00 00 00 00 00 00 00 00 00 00 00
00 00 00 00 00 00 00 00 00 10 10 00 00 00 00 00 00 00
00 00 00 00 00 00 00 00 10 00 00 00 00 00 00 00 00 00
00 00 00 00 00 10 00 00 00 10 10 00 00 10 00 00 00 00
00 00 00 00 00 10 20 10 00 10 00 00 00 00 00 00 20 00
00 00 00 21 00 00 00 00 00 10 00 00 00 00 00 00 00 10
00 00 00 00 00 00 00 00 00 00 00 00 11 00 00 00 00 00
00 00 00 00 00 00 00 00 00 00 00 00 00 00 00 00 00 00
00 00 00 00 00 00 00 00 00 00 00 00 00 00 00 00 00 00
00 00 00 00 00 00 00 00 00 00 00 00 00 00 00 00 00 00
00 00 20 10 10 00 00 00 00 00 00 00 00 00 00 00 10 30
00 00 00 00 20 00 00 00 00 00 00 00 00 00 00 10 30 00
00 00 00 10 10 00 00 10 00 00 00 00 00 00 00 00 00 10
00 00 00 00 00 00 00 00 00 00 10 00 00 02 00 00 00 00
00 00 10 00 10 00 00 00 00 00 10 00 00 00 10 00 00 00
00 00 00 11 00 00 10 00 00 00 00 00 00 10 00 20 00 00
00 00 00 10 10 00 10 00 00 00 00 00 00 00 20 00 00 00
00 00 00 00 00 00 00 00 00 00 00 00 00 20 30 00 00 00
00 00 00 00 00 00 00 00 00 02 00 00 00 00 00 00 00 00
GodGamer 1 181
DreamTeam 2 145