16 14
00 00 00 00 00 00 00 00 00 00 00 00 00 00 
00 00 00 00 10 00 00 00 00 00 00 00 00 00 
00 30 20 20 11 10 00 00 00 00 00 00 00 00 
00 30 00 20 10 10 00 00 00 10 00 00 00 00 
00 00 20 00 10 10 10 10 10 10 02 10 00 00 
00 00 10 20 10 20 10 30 20 20 10 20 20 10 
10 10 20 31 10 00 10 20 20 00 00 00 10 10 
30 30 00 20 10 10 00 10 00 10 10 10 10 00 
10 20 20 00 00 00 10 20 10 10 10 10 10 10 
30 10 10 20 10 10 00 20 10 21 20 10 20 10 
00 00 30 10 02 10 10 20 00 20 10 30 10 03 
00 00 00 10 00 10 10 10 10 20 10 00 20 00 
00 00 10 10 10 10 10 20 10 20 10 30 10 20 
00 00 20 02 20 20 00 03 30 00 20 00 20 20 
00 00 10 10 03 30 10 10 00 20 20 20 00 00 
00 00 00 00 00 10 00 10 10 00 00 00 00 00 
OlaJanekUla 1 20
Mosad 2 22
zajawkowicze 3 23
