16 14
00 00 00 00 00 00 00 00 00 00 00 00 00 00 
00 00 00 00 10 00 00 00 00 00 00 00 00 00 
00 00 20 21 00 10 00 00 00 00 00 00 00 00 
00 30 00 20 10 10 00 00 00 10 00 00 00 00 
00 00 20 00 10 10 10 10 10 10 02 10 00 00 
00 00 10 20 10 20 10 00 20 20 10 20 20 10 
10 10 21 00 10 00 10 20 20 00 00 00 10 10 
00 00 00 20 10 10 00 10 00 10 10 10 10 00 
10 00 00 00 00 00 10 20 10 10 10 10 10 10 
02 10 10 20 10 10 00 20 10 00 00 10 00 10 
00 00 00 10 00 10 10 20 00 20 10 30 10 03 
00 00 00 10 00 10 10 10 10 03 10 00 20 00 
00 00 10 10 10 10 10 00 00 00 10 30 10 20 
00 00 20 02 20 20 00 00 30 00 20 00 20 20 
00 00 10 10 00 03 10 10 00 20 21 20 00 00 
00 00 00 00 00 10 00 10 10 00 00 00 00 00 
OlaJanekUla 1 33
Mosad 2 38
zajawkowicze 3 36
