16 14
00 00 00 00 00 00 00 00 00 00 00 00 00 00 
00 00 00 00 10 00 00 00 00 00 00 00 00 00 
00 00 20 00 00 10 00 00 00 00 00 00 00 00 
00 30 00 00 10 00 00 00 00 10 00 00 00 00 
00 00 21 00 10 10 10 10 10 10 00 00 00 00 
00 00 10 00 00 00 10 00 20 20 10 00 00 00 
10 10 00 00 10 00 10 20 20 00 00 00 00 00 
00 00 00 21 00 10 00 10 00 10 10 10 02 00 
10 00 00 00 00 00 10 00 03 10 10 10 10 10 
00 10 10 02 10 10 00 00 10 00 00 10 00 10 
00 00 00 10 00 00 00 00 00 00 00 03 10 03 
00 00 00 02 00 00 10 10 10 00 10 00 20 00 
00 00 10 00 00 00 10 00 00 00 00 30 00 00 
00 00 20 00 00 00 00 00 30 00 20 00 20 21 
00 00 10 10 00 00 10 10 00 20 00 20 00 00 
00 00 00 00 00 10 00 10 10 00 00 00 00 00 
OlaJanekUla 1 52
Mosad 2 54
zajawkowicze 3 55
